2	0.01	0.8861351590772922
2	0.1	0.8940925805653893
2	1.0	1.355206610804646
4	0.01	0.8760590495940699
4	0.1	0.8756425951257324
4	1.0	1.355206596926275
6	0.01	0.8750708087191248
6	0.1	0.8752407806246788
6	1.0	1.3552074370476725
8	0.01	0.8808720581915535
8	0.1	0.8682104419574651
8	1.0	1.355207132743737
10	0.01	0.8897042518999644
10	0.1	0.8689931418658129
10	1.0	1.3552074068022961
12	0.01	0.9006927838303251
12	0.1	0.8686944978401024
12	1.0	1.355207427359358
14	0.01	0.913044224372782
14	0.1	0.8673942755386858
14	1.0	1.355207591443612
16	0.01	0.9221548768402105
16	0.1	0.8676419829465822
16	1.0	1.3552073628076167
20	0.01	0.9369890760434496
20	0.1	0.8663446533714297
20	1.0	1.3552073952510808
25	0.01	0.9562903915539916
25	0.1	0.8665010070505147
25	1.0	1.3552070332986457
30	0.01	0.9753427971504411
30	0.1	0.8653817309948798
30	1.0	1.3552073440838535
